colourSet<- c("#e6194b", "#3cb44b", "#ffe119", "#0082c8", "#f58231", 
              "#911eb4", "#46f0f0", "#f032e6", "#d2f53c", "#fabebe", 
              "#008080", "#e6beff", "#aa6e28", "#fffac8", "#800000",
              "#aaffc3", "#808000", "#ffd8b1", "#000080", "#808080",
              "#FFFFFF", "#000000")
# pie(rep(1, 22), col = colourSet)

# defining the colour sets
coloursEra <- colourSet[c(1, 5, 3, 2, 4, 6, 22)]
coloursBp <- colourSet[c(3, 1, 5, 7, 12, 2, 20, 22, 6, 4, 8, 9, 13)]
coloursMc <- colourSet[c(5, 4, 11, 13, 2, 6, 15, 8, 9, 10, 1, 12, 22)]
coloursDesig <- colourSet[c(1, 6, 4, 16, 8, 12, 7, 9, 22)]
# coloursIcl <- colourSet[c(1, 15, 11, 5, 4, 6)]
coloursDend <- colourSet[c(5, 4, 6, 7, 1, 15)]
# coloursDBSCAN <- colourSet[c(1, 4, 5, 11, 6, 15)]
coloursDBSCAN <- colourSet[c(22, 6, 7, 5, 15, 1)]
coloursDBSCAN2 <- colourSet[c(6, 7, 15, 5, 1, 22)]
coloursChroms <- colourSet[c(1, 5, 3, 2, 4, 6, 8)]
# pie(rep(1, 6), col = coloursDBSCAN2)

